1043.3236
896.8839
966.0829
802.96326
828.7951
1105.693
962.0631
871.157
846.0779
1098.9269
921.12354
1030.5345
926.1135
921.407
887.9109
954.26447
1010.2579
869.3517
1000.8249
1023.01965
1067.8386
1124.3503
1065.7551
815.1649
1024.901
824.0936
870.66534
929.9519
1112.3696
1099.5593
1102.8479
883.14996
918.04456
1084.0205
1102.0695
985.7716
852.9895
834.9484
802.4865
907.8883
1132.074
1024.2532
854.247
768.5912
895.839
945.96124
1044.2439
1073.5657
775.5733
1026.0054
840.66565
1031.1372
812.6608
848.90985
1063.9261
1073.6345
1151.9954
931.43396
795.3786
1129.1396
912.6936
1090.2997
831.04504
1098.7539
946.59326
1088.6079
956.556
948.06323
869.21967
1052.0674
1109.7135
1040.1282
906.17865
968.34033
942.69165
1084.698
995.39435
1093.283
945.00116
1044.0753
999.39905
1113.2415
939.0841
1099.7571
1039.1125
1073.4899
852.90845
991.2828
922.34937
945.9845
954.313
1033.2489
1117.7893
795.48645
1108.2454
787.83215
967.4616
1094.3958
912.5603
1090.0187
1057.0605
1133.9722
812.825
1032.7001
1150.7354
1025.6082
1021.74695
1098.479
956.5314
905.1113
1126.5061
812.0677
957.50464
808.14075
871.58496
829.17487
784.8257
776.6888
915.7468
1040.3948
904.0536
1003.3932
909.765
1059.4506
941.31744
1047.1587
798.45184
1073.842
1089.5259
786.6685
966.62976
1082.1154
965.04614
950.51245
1148.0261
831.2465
997.69165
1060.4612
1140.8035
1147.6257
1042.4462
1080.5166
887.6685
899.48474
969.26447
821.3757
1068.3766
868.9299
1096.6433
996.4957
826.06537
881.6781
906.58514
880.6621
856.3685
1033.7426
1128.1978
1025.4619
913.77057
848.3242
869.6128
912.9835
815.3144
896.6471
1096.2979
808.0171
831.6812
1037.0605
939.29004
854.6522
999.9502
1143.0415
868.5327
992.0762
943.1438
868.3929
941.4742
1043.1984
869.09375
984.5751
1026.4977
1059.0914
777.35223
1086.3445
901.74994
928.7607
1017.9426
1125.3445
905.6122
868.0744
1023.82166
874.6099
822.5658
1038.4099
1014.1393
853.7434
1138.6539
827.344
1017.84875
836.4182
1009.1457
987.0731
962.4856
771.6371
964.55005
1028.9939
951.9398
1148.6667
931.9292
1010.01996
882.9466
927.78986
1058.1489
896.7453
1064.6923
869.1234
975.73914
1012.839
883.59216
842.5092
882.132
889.6489
978.02783
1079.8118
983.266
793.0772
873.8893
791.29785
1100.4316
1032.3169
872.41034
972.50806
952.48096
783.4519
770.7187
927.8111
1060.0569
1100.8474
899.8119
833.92944
800.9445
1135.8105
915.9331
956.26825
792.6347
839.3169
1073.1876
909.9925
848.3418
915.7899
793.3318
1057.6075
1006.65497
986.13025
882.611
844.4271
