1222.4275
1104.4797
1204.8401
1176.9448
1185.2399
1237.9155
967.9636
1184.6704
1242.1257
1090.2095
1090.8062
1011.0511
916.65027
1237.7279
1149.7429
1310.8148
926.1072
1280.1069
974.8752
1230.1565
933.1904
1054.828
1219.5902
1275.9617
1341.7734
1346.1538
950.3859
1298.2612
994.51306
1167.7245
1301.5222
997.7357
1293.3009
1029.6763
946.1078
1030.3813
1160.323
1003.35596
938.5845
1127.324
1238.9741
1238.2723
1346.6504
1067.8281
1235.023
1197.2574
954.23303
1256.886
1075.2441
986.56573
1086.8187
1202.467
1177.8135
984.14844
1094.1942
954.0623
1096.8193
952.20776
1221.2988
939.09045
1116.5286
1261.6313
930.53406
983.0041
944.9757
1007.5647
1198.5458
1256.4735
1214.9734
1295.4176
939.5023
1248.2471
1313.8403
1337.4753
1137.4296
1197.5568
934.6792
1246.1716
1161.7358
948.10205
1246.6633
964.3552
917.0525
1087.5083
952.85504
995.66675
1017.61774
1298.0077
1321.029
1173.7485
1344.2102
1045.1667
1148.8396
933.49744
1281.9836
981.51025
1043.5945
1016.1926
1059.2058
918.55273
1101.5906
1235.0675
1070.9504
1057.1892
1051.2583
1004.963
979.15485
1038.758
900.65674
967.00146
909.4133
1293.9398
1296.6702
1333.9011
1258.5342
1048.583
1262.6769
1347.4777
930.7208
1174.5513
1331.6837
1305.1084
1169.5311
1022.7924
1264.7407
1116.2795
1110.1758
1348.4888
942.73706
1132.8013
1319.7393
1305.7905
1154.9172
1032.5939
1101.352
1279.1892
1137.214
1077.0715
1181.9219
1049.8965
1128.9202
1017.7533
1228.7329
1269.0238
1079.593
1259.6886
1009.93744
1343.2056
920.2306
1145.2294
991.89075
1006.3592
1230.6367
1073.4031
956.4629
970.27124
939.0321
1251.2267
905.31805
1213.8668
1302.0038
966.47754
991.90125
1001.532
1063.0391
1346.2102
1184.1099
935.383
1102.4844
1315.3694
1199.7816
1008.525
1080.7106
1150.6196
1238.9651
1230.2148
920.5653
990.63007
1192.0757
1201.4929
1114.4451
1306.881
1164.4363
948.816
1211.2266
924.1619
1098.1603
1033.9857
908.1304
1334.6198
1191.9995
1292.2244
1032.7478
1099.9861
1333.6431
1215.4968
949.909
1246.7144
934.3561
1059.5557
1261.8757
965.6276
1249.946
1068.0452
1167.1702
1280.4962
969.39307
1113.1902
1052.958
1297.1113
1052.4099
1105.9248
926.6377
1071.0134
1301.4436
1090.0712
1348.5898
997.3889
1303.7314
959.5919
1197.955
1051.8154
1043.8802
1009.74536
1195.9556
915.7813
950.78796
904.8467
944.3955
1313.2026
1140.6633
1325.4343
974.3606
1044.721
1026.3308
1097.086
1089.2384
1328.3032
1135.2325
933.5167
1145.4587
979.7184
1332.6447
1047.4692
1120.9485
1323.696
1053.093
1199.3292
1198.3713
1269.0525
1262.0723
963.3315
1294.5864
1173.5942
1089.5924
973.16125
1227.2761
1131.1982
1099.2947
1259.1205
1260.8525
1284.8381
1136.717
1059.7241
1099.1116
930.4573
1132.4331
1226.4998
1107.8232
964.1111
992.2627
1117.2156
1043.8
1224.6438
974.4081
1283.0769
1133.7974
1018.907
1171.4365
1148.3809
1228.8333
1283.0054
1212.538
998.4606
1332.6993
1139.8147
1334.8511
1105.6875
1214.1979
917.82367
1163.1058
1324.0363
1216.2148
1043.6737
1057.9482
1265.8857
972.4354
1179.3374
1158.5459
1128.9739
1069.245
1275.0708
1245.1683
1085.8191
1152.1362
1280.772
988.01917
1319.5415
1187.366
1317.5092
1037.6359
1331.3774
911.3628
1048.3345
1297.4496
1341.7965
926.7672
1155.3704
1225.7773
974.9514
1000.37524
1080.0471
1182.583
1189.1609
1008.615
1103.5304
1108.1273
1133.6554
930.6044
1097.2448
928.3077
956.26166
1010.9537
933.15015
984.5931
1270.9203
1329.0682
983.44586
1309.3403
948.7278
1202.1019
1019.78
1186.6621
1057.8462
1344.3779
1077.1399
1271.4376
1125.3811
1270.0425
923.453
1278.431
1187.9127
1292.1023
917.79126
1308.5273
1264.4465
1082.5255
1029.9292
1210.9194
959.30707
1153.5864
1188.064
1089.5885
1009.0293
1322.5203
1037.6724
1027.9026
1133.2141
1223.3173
1349.9106
1219.7163
1309.1669
1233.2466
1066.4971
1154.4562
993.9492
935.63196
1337.7439
1242.6204
1338.2612
1276.3086
1091.1196
1099.5555
1127.7758
1141.9362
1148.4214
1106.7861
1020.6342
1105.4229
966.0791
1271.3999
901.6568
1104.6741
1255.2299
1024.7118
1264.3197
1336.9004
1307.6617
1288.6597
1061.0314
924.04675
1221.4402
1303.998
1249.0182
956.38684
1233.5765
972.55005
1326.984
1017.9165
1148.3293
970.61914
1273.387
1039.4064
1332.165
1223.533
907.89453
1034.4673
962.8359
1188.4452
1018.525
1030.9762
1089.9185
922.531
1198.8091
1141.0111
1131.2063
1055.0123
985.6344
1076.973
1348.993
949.8103
1173.364
1250.8329
977.1403
1321.654
915.3994
1127.03
945.2688
1135.1489
1278.125
923.1621
1136.0084
1096.4087
1244.6265
1135.5334
1142.2974
1340.5503
1017.66943
999.24
1140.7356
1090.6078
1252.1182
1323.7588
1027.2119
1231.5995
920.6458
1120.0183
1109.8937
1064.73
1340.632
982.3508
921.3447
1215.5798
1302.3839
1208.2831
944.4345
965.9667
1095.083
939.2019
1280.9062
1263.6743
1088.4097
1189.9387
1186.3201
1129.0042
998.89844
1143.317
1321.6211
990.9762
1235.4365
1175.8201
1300.0725
1282.7588
980.61584
1220.4825
1245.7014
941.61584
1332.057
1176.7173
956.9672
1169.2388
901.4441
1191.4653
1229.9585
967.08093
1030.4521
930.3036
1031.2267
1036.3141
1231.5603
958.06903
1200.2078
1293.7682
1302.9645
1179.3533
908.1579
1163.9836
1248.4214
1206.6606
969.42175
1150.9497
1283.3486
1006.01135
955.6795
973.7151
1174.2966
1102.7576
1255.3129
972.673
1041.9138
1296.9525
1323.1442
1052.6135
902.6084
1053.925
1167.2023
1296.6317
906.6221
1339.015
904.74567
1198.539
1293.4723
1051.5833
1262.1365
909.758
928.475
1224.3463
1039.1279
1258.8468
1348.0803
1015.36334
1016.2572
1084.1791
1199.2488
1328.2205
1012.07764
944.162
1249.2544
1106.373
1139.4156
1208.2676
1162.7842
1261.5127
1035.3813
1349.5305
1131.6189
1348.1462
1328.9385
1145.7856
1017.6338
1193.3168
942.0681
1308.4028
969.40796
1196.1506
1112.313
1051.5828
988.89624
987.38745
1066.3351
940.20917
992.9108
928.51373
1018.353
1034.9512
1200.5363
1048.9705
965.4656
1279.7753
1116.0052
1142.1034
1242.1392
1041.5807
906.3899
1186.1497
1291.0016
996.5055
1077.0934
1329.2593
1180.6967
922.0718
1188.4006
1202.0991
1027.3218
1123.126
914.07007
1331.324
1313.9834
969.1797
1104.4072
1001.56836
937.6001
1317.833
1210.6995
965.656
1139.303
1087.3531
1265.0239
1216.5625
1039.8866
979.9296
1116.9622
1203.0364
1136.7423
1206.7208
939.8063
1082.496
1229.751
1127.4668
1159.5576
1182.2856
1298.6512
1269.4463
1236.9883
1027.1047
1020.5684
1326.0143
1320.8074
938.51746
1197.5413
949.3324
1018.60596
1320.0947
1238.1062
1030.4934
1274.7025
1040.7305
994.07324
915.7036
1103.7886
971.8861
932.5769
1016.99274
977.77563
1283.4258
1250.0382
1269.927
1227.404
1014.8812
1308.7842
1338.665
1119.848
1105.5907
1010.4033
1267.4542
1059.0857
1100.438
1323.3658
1139.1704
1195.5149
1268.7465
1053.6047
1039.9792
998.94763
1099.1766
1157.4746
1098.6807
1211.4813
1313.7869
980.31226
1101.1959
1201.0132
901.378
1243.4924
1171.2051
1147.5424
1134.0669
1067.8739
1105.7325
1233.5339
1178.0464
1205.5814
1147.918
1190.1294
1299.6085
1110.5679
1234.1035
1216.969
931.7224
1066.0104
1299.2922
1256.9006
994.38934
1244.6488
946.98334
1335.4249
1139.3174
1222.2711
909.1388
1128.8546
1085.4712
921.96497
1289.7515
1095.821
967.1288
1064.0156
1216.1465
902.8808
979.1959
1346.6641
1183.0912
910.95166
1220.7571
1023.79346
1023.19226
1322.5325
1285.8407
1076.1653
907.4485
1107.9563
1329.9078
1341.4585
921.55725
1238.1198
1259.9736
1160.191
1328.3633
1162.4901
1060.0007
1118.9412
1306.239
1188.9685
959.287
1200.1917
1266.0845
981.1028
1339.1389
949.843
1279.7874
1090.874
1169.9121
1105.9802
986.4623
1349.9875
1290.3143
1077.0171
955.5199
950.4061
1031.1287
906.8169
1330.8854
1237.3556
1314.7247
1110.9285
1076.5918
1264.7764
1006.98486
940.5332
1310.9845
1329.2195
1232.7761
932.1747
1065.191
1101.4832
1296.6282
1196.5911
1118.9777
994.3346
954.7226
1153.0507
1156.1271
935.87976
999.1239
1327.1943
1196.8586
1263.4563
972.96533
925.50006
1301.2522
1307.1886
952.1991
1064.7471
1217.1581
1270.905
1192.7871
1306.1813
905.5272
1234.2917
1247.7
1244.0573
1004.71185
1192.72
1147.7432
1073.7017
922.08813
1161.8774
1239.5869
1123.7297
1172.7687
1125.3899
1230.06
1188.3403
1042.4177
1285.2073
953.01843
1183.1763
1307.8536
1232.31
1305.2112
1040.7761
1168.6484
1077.895
1025.483
1189.5879
1066.0753
1291.7045
1223.3447
1153.4818
1348.1418
1121.6403
963.0426
1283.0753
1139.0232
1259.7786
1188.4343
1126.5164
985.78955
1009.8695
1226.5344
1167.9739
1010.0475
1066.3418
1198.8988
958.4658
1226.9736
1018.6625
974.0543
1001.55115
1087.0338
1081.0135
1023.22925
1323.8005
908.2223
1027.2083
962.98987
1310.9386
1086.6399
1048.6831
1344.2393
959.08826
1086.4523
1049.4636
1203.2352
947.08344
1101.7527
1290.095
979.53125
1206.6384
1282.956
1125.4746
1319.6272
960.56494
1128.259
953.4022
963.8375
952.56726
1246.9585
1260.478
1193.9875
1009.51465
999.7815
1179.9001
1347.5873
1040.8945
1246.2712
1228.7654
1098.0366
1018.681
1287.3
1014.1715
1227.3276
1137.2073
1156.4844
1239.843
931.48047
1272.2805
1317.7036
1206.364
1327.6614
1077.016
1190.0676
960.1727
1215.374
1331.3516
1299.9929
1012.1481
921.3081
1180.4109
1323.9952
1327.3634
1104.0981
983.6583
1112.2562
940.968
1211.3462
1271.807
941.88574
1072.3469
1078.4647
968.7167
1190.3849
1102.9604
1048.085
1192.9276
1162.4565
1023.41754
1117.5647
972.22125
1220.7722
1259.3507
1062.3379
1038.7308
1230.3414
1304.0552
1118.0253
953.0488
923.9579
990.2742
1067.1372
1129.7239
1298.0048
1154.1752
1086.3182
902.0988
1274.3315
1207.7859
1261.1238
1310.0383
1328.6096
1001.8605
1072.6882
985.5021
1132.6063
1310.3271
908.9938
1028.751
1149.2571
1189.7296
994.12103
1245.1884
1022.79626
1098.1112
1227.4512
1322.245
932.01166
1316.8849
1108.5707
1117.4492
1013.90247
946.7733
969.13544
967.8867
1126.5648
1043.8552
903.39636
1284.968
1118.4149
1219.1945
1071.942
1323.9808
1163.26
924.1144
1047.6277
1199.8074
1095.0814
982.6687
1177.0402
1307.8241
1138.5139
1271.6012
1030.2858
1004.0591
1092.1702
1190.5234
915.72375
1142.7356
1286.4166
949.209
965.5352
1181.2493
1339.674
1133.936
1022.9894
976.1797
930.479
1318.4329
1289.9172
1095.1863
1144.5541
1271.0052
1054.4404
1084.524
1098.1182
925.27783
907.3431
1163.6992
1162.2175
946.1451
962.7524
1335.5956
917.5337
1212.1304
1153.8777
1072.684
1209.9474
973.5602
1080.5134
1177.9928
1302.1233
1239.5802
956.63995
911.0121
1053.9747
1273.9425
1007.7648
1016.1088
1161.524
1176.158
999.3821
1199.1975
991.28467
1023.59814
915.01855
961.995
1260.7375
1317.614
981.4736
1094.2338
910.0896
999.9696
1195.92
1179.56
979.6078
1180.7117
1067.1304
1229.727
949.1841
1086.9606
1188.0453
1003.15283
1054.1687
1129.5516
1067.768
1244.3414
1286.1105
937.6019
1325.5901
971.31726
1109.065
985.1588
1232.345
1012.66406
967.2208
1330.417
1193.9081
917.4347
1166.3694
1341.486
1288.4795
970.86194
1099.3098
1272.9923
1052.0863
1240.6855
1113.0796
1080.9812
1124.9667
952.52576
915.2999
1085.0737
1157.2678
1103.4192
921.44495
1144.2346
992.267
927.7308
1250.2415
1300.5203
1040.082
920.5365
1038.6211
1020.60284
1156.124
1218.3872
1262.3641
906.17474
1313.2109
1288.0044
1247.6377
1148.6908
1311.5442
1147.3893
1053.0657
1201.1558
1331.3336
907.41504
1100.3756
992.9138
1243.0575
1283.0361
1113.4585
1106.9741
1066.7112
1211.0459
903.8922
1269.363
957.84
1135.5624
949.74243
1061.5789
1203.3977
1060.7922
1046.4929
1342.4407
1095.6074
1006.2944
903.09265
960.64984
1267.9663
1109.0332
1234.7463
1172.159
902.57715
1155.592
1210.7246
914.0926
1195.2522
1071.5504
1052.239
1283.355
989.7533
1123.2668
990.4883
1101.2649
1150.4191
1273.1184
1220.151
1255.3635
1295.9401
1226.1338
971.7262
934.9812
993.64526
1235.3212
1038.711
1093.9309
993.21594
1021.75476
1140.1978
981.7916
1080.9031
1083.5227
1067.2498
1096.3151
1157.131
1065.281
1214.6271
1034.4175
1043.6709
1255.7268
1208.9203
1005.6273
1325.5908
947.5719
1326.8782
1291.5574
1231.9679
1100.3147
954.19275
1271.5181
1339.2928
1037.4928
1136.8875
1270.5366
1138.8473
1252.3308
1204.9526
1341.2886
1242.6606
1309.4425
1127.3062
1009.4763
1300.4031
1079.1099
1048.4469
1348.4304
1127.4976
1218.7568
1091.3088
1257.7953
1283.4692
935.6023
1027.4194
1144.4557
922.0344
1092.6614
1150.218
1156.9381
1333.487
1067.7496
1159.565
1134.6703
1215.6992
982.9158
1315.4763
1127.2302
1007.5088
1348.698
1345.9082
979.2796
1264.7634
1328.1941
1292.0642
1101.7183
911.98376
927.5133
973.871
907.88416
946.0493
949.58765
1307.7201
1083.7374
1301.8376
1313.3674
1166.6455
1068.029
915.08154
1001.39935
1294.2605
1051.7781
1026.4087
1159.9182
1256.0267
1187.0181
981.4741
921.60925
993.9291
992.9846
1079.0446
1304.7864
1061.0803
1120.6853
937.9176
1022.05164
1315.0243
1315.321
1170.5911
1057.6614
1339.937
1143.2339
1319.9099
1277.4324
1117.056
1318.0786
1102.6215
1267.6213
1146.6023
1348.616
931.3298
1164.8436
1016.38165
940.9737
1164.0525
1335.759
1168.9573
936.2134
1096.0981
1221.4036
1068.6471
1213.6012
1214.7915
1273.1321
1348.1034
1341.8202
1288.5096
1327.0493
954.42957
939.4569
902.2272
1186.4377
1182.8623
999.092
1104.335
1132.3552
1269.2343
1172.133
1330.7521
1204.6152
1006.5947
1026.7363
1011.50385
1237.5269
948.44073
975.6161
1021.047
1188.8324
1336.5386
1082.7646
1313.0779
1288.4395
1341.9242
1305.8813
1254.6077
945.995
1088.5891
1059.1061
1066.3029
1188.7404
1241.8972
1257.1765
1049.9143
1342.0444
1322.8604
1307.8057
1279.8038
1283.633
961.02185
1083.53
1009.76373
1085.8638
1337.461
1243.886
1106.4445
1300.981
906.0368
984.0912
964.5863
927.6172
1259.7109
1059.745
912.01953
1188.8451
1145.0227
1279.9271
1014.0573
1336.779
1245.4939
1311.6989
1129.7809
1215.467
1324.0004
1259.8488
1138.9948
944.9812
1088.6089
900.9429
1157.8228
1348.0542
950.8104
1133.7299
1317.3962
957.12195
1012.8267
1068.8174
1070.5576
1100.5026
1331.165
903.6084
982.5234
1200.9243
1319.9022
1309.8052
946.91125
1187.4077
1063.3972
1145.6216
1257.1812
1300.3181
1247.01
1325.172
1116.4526
1142.3733
1074.7483
939.5292
936.76746
1121.6431
1346.9897
945.58185
990.4391
902.7107
913.03955
1137.219
1224.2836
1053.7314
944.3827
1042.3748
927.7246
1080.1617
943.27124
1027.1602
1143.2988
1093.4271
1339.5306
1074.4904
1085.6184
1228.2354
1039.0684
1078.2886
919.8533
1167.03
1281.9806
1331.2532
1223.1182
1231.1586
1153.9645
1134.2595
1231.4592
1025.5344
1013.1043
1080.406
1308.4653
1327.2808
1157.2686
1277.385
970.72864
1257.3325
1036.187
1165.8832
1184.6741
941.05225
1173.7045
940.9098
1062.7057
1266.3096
1060.2805
920.8624
1165.5879
1032.4115
925.1429
1118.5334
