1029.2562
1120.1879
972.4874
768.0379
1008.70245
935.57825
1133.9329
1086.4202
889.5166
777.5619
1130.236
1034.4814
822.93445
966.1376
1011.7876
1092.5474
1035.8527
796.11096
924.0123
850.5678
1041.2722
967.404
790.73096
1128.1763
919.09106
1004.7077
1043.9731
1106.8767
951.2509
769.71655
1041.4841
1128.0747
903.422
1017.40576
1058.3436
847.6236
970.31067
789.1425
1143.4778
921.4617
858.03156
1053.6051
965.5087
1138.8276
989.4871
802.0574
846.7977
1036.9448
879.2814
949.4104
909.9396
996.0829
836.2995
1048.8113
775.9173
863.57776
902.34283
1023.3314
1106.0563
819.54456
771.90936
1006.7727
870.97034
1046.3284
