789.0419
838.51245
977.24115
882.7316
1025.5526
1143.5627
1104.4528
934.1696
772.76886
1012.434
869.1296
1038.6395
988.1788
1123.8514
909.1488
1104.7385
1145.8213
947.29016
1013.20233
796.76886
871.95996
1085.6399
1147.5684
930.3948
986.3726
1111.0577
1029.9822
1067.5967
837.34106
1010.26324
1093.6259
1139.1257
1052.0581
958.1271
907.27106
1069.1135
1130.5529
1012.8465
792.9806
1113.0134
879.21674
975.67883
1035.4241
842.70917
1127.1818
1084.8157
919.5768
948.6939
1139.0092
1045.4197
868.73315
1108.517
815.7681
1080.0839
1008.54156
919.8302
1139.2676
1029.7263
1106.5103
954.62646
1072.7871
846.55115
1147.481
1039.9674
1133.3214
785.07764
1081.9639
958.8601
902.574
1054.4004
1103.7722
818.40674
1151.5654
986.0492
941.1057
1127.8704
1069.1903
778.4287
875.45764
1002.2001
1050.3167
977.0094
830.80505
1136.961
926.39465
1033.5029
1118.6654
1086.3383
890.2806
1052.2256
1107.1173
947.46545
1070.1332
1149.1111
777.78015
850.20654
979.3042
1005.66614
904.20087
1123.9166
1094.9644
1028.4227
1050.5126
941.88635
989.4994
1070.9033
838.8655
883.011
1014.1414
1093.1472
1146.4329
944.7649
1041.7383
791.5892
908.7274
1149.0876
1098.3711
989.9785
1025.441
852.59106
814.34576
927.31085
954.8048
1064.7134
1122.1685
1095.2325
1028.6993
899.26263
